490468442112.000 -17191364608.000   119.618    67.315
-332052004864.000 193191067648.000   127.630    74.767
-76436250624.000 -343151378432.000   109.913    72.395
740099162112.000 -191861424128.000   115.700    64.999
-239392653312.000 -717903429632.000    97.395    73.014
940385632256.000 179761987584.000   123.441    63.104
940385632256.000 179761987584.000   123.441    63.104
434321883136.000 739075031040.000   137.512    66.681
-651461132288.000 871637450752.000   154.313    75.195
-137989652480.000 -753715314688.000    97.433    72.023
-704522551296.000 -503281516544.000    99.175    77.713
-206067056640.000 101625044992.000   124.002    73.711
-651465129984.000 871660912640.000   154.314    75.195
-204777930752.000 704476807168.000   142.550    72.317
-726482026496.000 597055307776.000   146.841    77.087
162511126528.000 723684753408.000   139.317    69.093
-204737708032.000 704470843392.000   142.550    72.316
-66155425792.000 641843986432.000   139.342    71.334
-85919924224.000 -849417797632.000    95.385    71.261
-331289034752.000 378946977792.000   133.959    74.405
774514081792.000 203169988608.000   124.237    64.591
336510451712.000 -393564717056.000   110.127    68.540
-378071023616.000 -317088956416.000   109.304    75.196
111562219520.000 -325777195008.000   111.139    70.686
-255814057984.000 -248240422912.000   112.241    74.155
-230320193536.000 916313604096.000   148.510    71.683
819242139648.000 673433911296.000   133.787    63.468
-66164502528.000 641842413568.000   139.342    71.334
-156868689920.000 -204813697024.000   113.962    73.277
-733450797056.000 796740222976.000   153.731    76.201
-274187829248.000 -208125362176.000   113.548    74.360
355133587456.000 -128927064064.000   116.849    68.564
358351798272.000 634887667712.000   135.694    67.626
-381577822208.000 219270201344.000   128.836    75.179
-156121890816.000 -204833849344.000   113.963    73.270
515164504064.000 -221213048832.000   114.761    67.050
495772762112.000 111818383360.000   122.701    67.213
336484827136.000 -393378856960.000   110.132    68.540
-813109805056.000 42960977920.000   123.872    79.336
583606075392.000 -559503704064.000   107.173    66.053
-76464996352.000 -343201382400.000   109.912    72.395
7731505152.000 244276953088.000   127.599    71.578
-673730789376.000 -559281274880.000    97.374    77.273
834384494592.000 -330894016512.000   112.871    64.057
469411332096.000 358040961024.000   128.615    67.189
106130784256.000 -577637842944.000   104.245    70.325
-168937078784.000 136348835840.000   125.010    73.335
-168937078784.000 136348835840.000   125.010    73.335
-324522409984.000 -446025105408.000   105.179    74.484
-359825833984.000 -336626778112.000   108.713    75.000
-564683538432.000 -468337000448.000   102.231    76.582
-521282617344.000 515269230592.000   140.681    75.681
376887017472.000 -824708104192.000   100.042    67.323
884277313536.000 240311779328.000   124.782    63.562
-372583268352.000 -434504630272.000   105.205    74.941
46652071936.000 474528645120.000   133.850    70.793
340610646016.000 438263775232.000   131.125    68.221
-779462770688.000 651622940672.000   149.839    77.268
663240245248.000 -804823891968.000   102.302    64.860
184552013824.000 676101357568.000   137.975    69.043
184552013824.000 676101357568.000   137.975    69.043
377268731904.000 -603333722112.000   105.184    67.833
721176952832.000 681674473472.000   134.477    64.312
661185298432.000 -749534511104.000   103.442    65.001
-229286445056.000 -111452635136.000   116.914    73.993
-229286445056.000 -111452635136.000   116.914    73.993
-274221318144.000 -208259989504.000   113.543    74.360
-255020630016.000 -247514513408.000   112.268    74.149
516423483392.000 -749996474368.000   102.618    66.280
661655584768.000 -273712267264.000   113.788    65.673
661655584768.000 -273712267264.000   113.788    65.673
-433307156480.000 69973131264.000   123.599    75.835
-103099228160.000 117551480832.000   124.202    72.745
-579819929600.000 -306209914880.000   108.490    77.050
-613598494720.000 -373764194304.000   105.479    77.233
156391407616.000 -787106889728.000    99.243    69.357
708351229952.000 -188819406848.000   115.735    65.291
-229278515200.000 -111338102784.000   116.918    73.992
-229278515200.000 -111338102784.000   116.918    73.992
-229884067840.000 -111410413568.000   116.915    73.998
-229884067840.000 -111410413568.000   116.915    73.998
-527066267648.000 857590857728.000   151.576    74.311
-359804338176.000 -335984230400.000   108.736    75.001
-395579392000.000 772289069056.000   147.000    73.645
112367239168.000 636348530688.000   137.585    69.790
-157557571584.000 -577123057664.000   102.348    72.690
-170735026176.000 859776745472.000   146.273    71.436
413886087168.000 494760329216.000   132.086    67.450
241541578752.000 -194244427776.000   115.031    69.592
79359885312.000 -377038438400.000   109.587    70.919
202200743936.000 98038833152.000   122.889    69.934
582221365248.000 -53228425216.000   118.742    66.473
-779441405952.000 651557208064.000   149.837    77.268
-95641640960.000 620496748544.000   139.049    71.657
-649737732096.000 494207827968.000   141.761    76.850
-317141778432.000 -598093922304.000   100.257    74.050
-220035645440.000 -514629009408.000   103.757    73.396
-220027912192.000 -514713354240.000   103.755    73.396
-103073423360.000 117617852416.000   124.204    72.745
-25845055488.000 92326838272.000   123.223    72.050
-137964945408.000 -753702993920.000    97.433    72.022
-377918586880.000 -317026959360.000   109.307    75.194
-360028635136.000 -336639983616.000   108.711    75.002
-342660907008.000 -93627858944.000   117.450    75.047
-419826237440.000 723026640896.000   145.917    74.049
355541712896.000 859159658496.000   140.761    67.003
-446948999168.000 381672030208.000   135.136    75.429
910032306176.000 -384444825600.000   111.925    63.327
-138384572416.000 179365904384.000   126.263    73.006
901592907776.000 -224530857984.000   115.180    63.513
-716995362816.000 -404216086528.000   103.171    78.088
1004131188736.000 -654182121472.000   106.888    62.144
-395509858304.000 772130734080.000   146.995    73.645
424373878784.000 -694407856128.000   103.321    67.222
20014956544.000 -37642948608.000   119.283    71.680
-254947721216.000 564870578176.000   139.086    73.218
643787390976.000 -693302329344.000   104.539    65.271
754852626432.000 -617429598208.000   106.643    64.420
785546870784.000 -496268771328.000   109.284    64.326
-653766950912.000 -364809519104.000   105.486    77.612
-666951942144.000 107861385216.000   126.149    77.939
692999749632.000 722456870912.000   135.469    64.463
156270018560.000 -787228852224.000    99.239    69.358
-154704723968.000 -284673933312.000   111.413    73.185
741714362368.000 -502131621888.000   109.017    64.713
-219850309632.000 533291532288.000   137.777    73.006
718020870144.000 535530405888.000   131.474    64.646
85251604480.000 405397274624.000   131.716    70.595
-325547753472.000 484274339840.000   137.337    74.077
-702520098816.000 -718439579648.000    90.949    76.927
37115588608.000 -660776157184.000   101.537    70.748
627076628480.000 835835527168.000   138.193    64.738
-381695852544.000 219189739520.000   128.833    75.181
408342134784.000 -367327379456.000   111.009    67.912
-596032946176.000 17594699776.000   121.979    77.368
45701906432.000 -357279170560.000   110.008    71.254
-398803533824.000 329842491392.000   132.870    75.123
596934393856.000 151435231232.000   123.445    66.256
47492481024.000 -548875075584.000   104.646    70.914
-726441852928.000 -863767756800.000    85.505    76.465
-140349341696.000 24733011968.000   121.354    73.152
-646169362432.000 -572021342208.000    97.274    76.995
44306325504.000 -697578291200.000   100.615    70.589
177803444224.000 -662947758080.000   102.508    69.491
-623041970176.000 166287523840.000   128.377    77.459
-817539710976.000 314045628416.000   136.867    78.870
-726471344128.000 -863799214080.000    85.504    76.465
-598112993280.000 -329223569408.000   107.422    77.178
44364029952.000 -697598869504.000   100.615    70.588
7687527936.000 244292829184.000   127.599    71.578
469355331584.000 -253178511360.000   113.923    67.453
-535931322368.000 -477679104.000   121.104    76.823
131870670848.000 -580452679680.000   104.334    70.088
-416420069376.000 -855952785408.000    91.077    74.014
-416420069376.000 -855952785408.000    91.077    74.014
174045773824.000 76910436352.000   122.368    70.208
298651844608.000 -287761104896.000   112.700    68.999
538028474368.000 -152356388864.000   116.412    66.868
-86172581888.000 13317019648.000   120.917    72.654
838686998528.000 165169332224.000   123.312    64.037
810606067712.000 -122527285248.000   117.243    64.374
728418222080.000 603603599360.000   132.839    64.418
-66097819648.000 641886322688.000   139.343    71.334
174056030208.000 76942884864.000   122.369    70.208
816516562944.000 -17331689472.000   119.481    64.320
-834638774272.000 405465268224.000   141.194    78.728
301272104960.000 211744292864.000   125.626    68.919
-154680573952.000 -284693790720.000   111.413    73.185
83520299008.000 -715790090240.000   100.454    70.194
-419782950912.000 723127894016.000   145.919    74.048
505691635712.000 -328047525888.000   112.217    67.059
-492061786112.000 829052289024.000   150.158    74.171
44990582784.000 834701557760.000   143.138    69.730
-481294680064.000 546262450176.000   141.200    75.233
810880008192.000 -122106970112.000   117.252    64.371
657681612800.000 478129258496.000   130.526    65.290
-239390785536.000 -717809188864.000    97.398    73.015
739355656192.000 471928700928.000   130.048    64.568
-3725490944.000 -252480045056.000   112.887    71.823
-3725490944.000 -252480045056.000   112.887    71.823
845174407168.000 -146645073920.000   116.751    64.053
-686096580608.000 608216154112.000   146.505    76.711
-146313756672.000 -55540555776.000   118.781    73.228
-551462895616.000 -586752851968.000    97.997    76.131
-138254630912.000 -36339200000.000   119.395    73.151
604276588544.000 -551894712320.000   107.428    65.879
115113754624.000 493665353728.000   133.882    70.135
-86126026752.000 13324070912.000   120.917    72.654
-26145601536.000 -677191745536.000   100.582    71.266
383524339712.000 510964301824.000   132.636    67.689
877872873472.000 907755782144.000   137.942    62.386
842045390848.000 -95128420352.000   117.833    64.090
-180012810240.000 286619402240.000   129.856    73.229
311710056448.000 -581674532864.000   105.354    68.466
275397869568.000 -60942168064.000   118.579    69.310
662962372608.000 -140971360256.000   116.762    65.722
-173888864256.000 -583696711680.000   102.016    72.819
575495798784.000 -677271437312.000   104.538    65.911
-459763646464.000 473105170432.000   138.454    75.285
-272993124352.000 61244801024.000   122.829    74.361
-380257566720.000 -214277455872.000   113.008    75.333
-620112248832.000 -889275482112.000    86.735    75.513
-464189292544.000 -201868525568.000   113.192    76.117
-464189292544.000 -201868525568.000   113.192    76.117
-257736392704.000 -293282250752.000   110.717    74.124
-57075404800.000 -170423975936.000   115.241    72.373
-807971782656.000 426266066944.000   141.625    78.430
-649118285824.000 635395047424.000   146.796    76.295
-220005548032.000 -514837676032.000   103.751    73.395
258785116160.000 89276571648.000   122.548    69.416
258785116160.000 89276571648.000   122.548    69.416
-793613959168.000 -176806248448.000   113.008    79.154
-34667118592.000 694302867456.000   140.425    70.894
-69224374272.000 110355431424.000   123.882    72.438
-137865281536.000 -753818927104.000    97.431    72.021
-239317516288.000 -717685915648.000    97.403    73.014
375756554240.000 262879002624.000   126.671    68.175
-410517929984.000 -859618017280.000    91.054    73.951
-410517929984.000 -859618017280.000    91.054    73.951
-360061403136.000 -336661250048.000   108.710    75.002
-604927426560.000 586030972928.000   144.357    76.131
-604927426560.000 586030972928.000   144.357    76.131
37111296000.000 -660715929600.000   101.538    70.749
715294048256.000 -693169946624.000   104.892    64.636
83623043072.000 471680909312.000   133.515    70.468
157041426432.000 -682335731712.000   101.870    69.629
-112511721472.000 237240713216.000   127.949    72.691
-64752459776.000 -29640763392.000   119.566    72.467
682327998464.000 535524474880.000   131.640    64.964
-155178893312.000 615766360064.000   139.517    72.190
624466591744.000 131835133952.000   122.949    66.017
751630942208.000 212208058368.000   124.479    64.792
-20166340608.000 -709610504192.000    99.753    71.124
741474893824.000 -502109569024.000   109.016    64.715
385305903104.000 192352075776.000   124.898    68.165
709874548736.000 -258522267648.000   114.203    65.242
156259516416.000 -787398656000.000    99.235    69.358
-223094177792.000 272026877952.000   129.652    73.647
-223094177792.000 272026877952.000   129.652    73.647
-420093722624.000 722868568064.000   145.916    74.052
22428428288.000 -231820656640.000   113.563    71.597
22428428288.000 -231820656640.000   113.563    71.597
-57095925760.000 -170392469504.000   115.242    72.373
510541135872.000 -780898861056.000   101.905    66.260
-621310115840.000 597061861376.000   145.004    76.224
-596425965568.000 -61979914240.000   118.613    77.394
-223064735744.000 271981920256.000   129.650    73.647
-223064735744.000 271981920256.000   129.650    73.647
593532092416.000 -558850048000.000   107.230    65.965
-238795128832.000 747458265088.000   144.155    72.445
-600645566464.000 635847442432.000   145.985    75.896
-410575765504.000 -859677065216.000    91.052    73.951
-410575765504.000 -859677065216.000    91.052    73.951
-809225224192.000 -48908816384.000   119.292    79.345
-303443443712.000 304517578752.000   131.254    74.317
-649570418688.000 634951827456.000   146.788    76.300
-646328614912.000 -572054962176.000    97.270    76.996
-651464081408.000 871603437568.000   154.312    75.196
-393082470400.000 378540523520.000   134.505    74.958
-378027474944.000 -317098819584.000   109.304    75.195
-217936035840.000 -270044381184.000   111.651    73.784
-217936035840.000 -270044381184.000   111.651    73.784
-492118016000.000 829049602048.000   150.159    74.171
-691698270208.000 -198175703040.000   112.463    78.206
-563793952768.000 -287402164224.000   109.354    76.933
-444105981952.000 -784027811840.000    92.857    74.528
561249583104.000 277351956480.000   126.419    66.461
-137435922432.000 372575830016.000   132.233    72.676
910190968832.000 783754788864.000   135.434    62.423
-283430289408.000 -91977834496.000   117.542    74.498
-217902465024.000 -270076428288.000   111.650    73.784
-217902465024.000 -270076428288.000   111.650    73.784
-78911111168.000 319666061312.000   130.264    72.249
-359089963008.000 -576120946688.000   100.547    74.481
-557177569280.000 530910281728.000   141.720    75.934
225828765696.000 -793090457600.000    99.651    68.732
559235399680.000 -711749926912.000   103.699    65.985
250204438528.000 371032850432.000   129.906    69.162
-66371403776.000 641978728448.000   139.348    71.336
394367270912.000 -421415452672.000   109.644    67.975
661178810368.000 -749454163968.000   103.444    65.001
-608503857152.000 -457709977600.000   102.172    76.997
582648922112.000 -170074357760.000   116.037    66.452
62390349824.000 132888084480.000   124.187    71.201
500854784000.000 363237572608.000   128.611    66.895
-273215520768.000 61443452928.000   122.837    74.363
-858212532224.000 734092328960.000   154.457    77.466
194773647360.000 334745206784.000   129.234    69.728
194773647360.000 334745206784.000   129.234    69.728
-646278610944.000 -572004892672.000    97.273    76.996
527498117120.000 34156951552.000   120.816    66.959
-649043312640.000 635366080512.000   146.793    76.294
-474417168384.000 638950309888.000   144.127    74.836
495887613952.000 938610589696.000   141.269    65.550
926804148224.000 -663090888704.000   106.419    62.814
548666605568.000 -115481534464.000   117.285    66.779
-681326411776.000 505015631872.000   142.659    77.078
-69221097472.000 110419443712.000   123.884    72.438
-438021226496.000 190536744960.000   128.136    75.739
-480497172480.000 397588070400.000   136.049    75.684
642619867136.000 -693175779328.000   104.536    65.282
840822423552.000 -743643348992.000   104.462    63.427
-95595560960.000 620470534144.000   139.048    71.657
935849230336.000 -697946865664.000   105.777    62.674
-348020310016.000 -374460317696.000   107.461    74.832
-303481421824.000 304521674752.000   131.254    74.317
928448053248.000 -614968000512.000   107.369    62.877
811841159168.000 300516147200.000   126.206    64.156
-180133937152.000 287078580224.000   129.872    73.229
-557269647360.000 530922536960.000   141.722    75.935
-25779058688.000 92315066368.000   123.222    72.050
301023526912.000 718395867136.000   138.047    67.903
283044315136.000 3444636928.000   120.264    69.230
605820682240.000 -196885381120.000   115.444    66.228
330589372416.000 -632160714752.000   104.234    68.194
52488695808.000 -521444130816.000   105.432    70.925
-421030232064.000 852490977280.000   149.657    73.498
-421052448768.000 852497989632.000   149.657    73.499
131764903936.000 -580494884864.000   104.332    70.089
801216135168.000 976629923840.000   139.724    62.843
-395499831296.000 772223467520.000   146.997    73.645
641876819968.000 683018354688.000   134.957    65.006
69002698752.000 -79928737792.000   118.043    71.227
-476591259648.000 -139240996864.000   115.584    76.272
137876242432.000 381515726848.000   130.767    70.164
438375317504.000 -732164653056.000   102.544    67.012
-144687792128.000 277599944704.000   129.367    72.922
-303489908736.000 304556802048.000   131.256    74.317
811886641152.000 300563955712.000   126.207    64.155
268592398336.000 452730880000.000   131.873    68.843
213807513600.000 538075758592.000   134.347    69.148
765049700352.000 -593260183552.000   107.187    64.369
-521099771904.000 515317661696.000   140.680    75.680
-701326163968.000 -565699018752.000    96.720    77.488
-245376368640.000 161473134592.000   126.132    74.012
-671619350528.000 852681555968.000   154.161    75.446
179062046720.000 -123184947200.000   116.878    70.198
-445241884672.000 459182309376.000   137.809    75.200
-347725430784.000 -373572567040.000   107.494    74.831
719751741440.000 -378703937536.000   111.601    65.056
-421403525120.000 852278640640.000   149.657    73.502
605696950272.000 -197007507456.000   115.441    66.229
572345221120.000 272297279488.000   126.270    66.365
572345221120.000 272297279488.000   126.270    66.365
-303504719872.000 304504799232.000   131.254    74.317
-392550383616.000 -519780433920.000   102.102    74.925
-283378745344.000 -695388209152.000    97.589    73.467
742150766592.000 -502189064192.000   109.017    64.709
-409169264640.000 65912086528.000   123.372    75.615
663961075712.000 -10981544960.000   119.682    65.716
751796748288.000 70262153216.000   121.409    64.885
230027001856.000 -820557774848.000    99.028    68.619
-155169177600.000 615807188992.000   139.518    72.190
-671594971136.000 852697612288.000   154.161    75.445
950637625344.000 -354796732416.000   112.608    62.986
-707261104128.000 -849709760512.000    86.348    76.383
8356022272.000 -499152715776.000   105.787    71.368
156300427264.000 -787242614784.000    99.239    69.358
-527031664640.000 857557041152.000   151.575    74.311
524718211072.000 222387339264.000   125.250    66.855
514656108544.000 -198166151168.000   115.306    67.066
-419952099328.000 723327844352.000   145.928    74.049
-1591841280.000 157330440192.000   125.090    71.769
-757413314560.000 547131162624.000   145.563    77.548
280467963904.000 839154466816.000   140.968    67.710
183313858560.000 -348603678720.000   110.761    70.000
183313858560.000 -348603678720.000   110.761    70.000
860789080064.000 402070437888.000   128.155    63.586
694079455232.000 -417514258432.000   110.689    65.249
544534364160.000 566188965888.000   133.002    66.132
813652705280.000 433800118272.000   128.968    63.963
-140316672000.000 25467717632.000   121.377    73.152
-245363703808.000 161817788416.000   126.143    74.012
394415407104.000 -421400018944.000   109.645    67.975
972015271936.000 -336181788672.000   113.021    62.808
484499980288.000 -452793466880.000   109.220    67.111
-527255076864.000 858024116224.000   151.592    74.310
394380214272.000 -421459329024.000   109.643    67.975
-165157830656.000 -592281141248.000   101.833    72.720
-408136450048.000 415657230336.000   135.922    74.996
-1487200640.000 157340467200.000   125.090    71.768
116484964352.000 -117785911296.000   116.984    70.780
-419495378944.000 -306868027392.000   109.446    75.589
-283456339968.000 -91959205888.000   117.543    74.499
-677648138240.000 456186200064.000   140.742    77.220
-316216082432.000 -598360719360.000   100.258    74.042
81472528384.000 11595934720.000   120.671    71.098
-464234512384.000 -202047668224.000   113.185    76.117
-464234512384.000 -202047668224.000   113.185    76.117
90274504704.000 886946267136.000   143.902    69.157
-662958637056.000 -615212974080.000    95.395    76.992
-441477464064.000 -310171598848.000   109.200    75.785
-603910242304.000 347134033920.000   135.533    76.908
586487169024.000 -266447044608.000   113.821    66.367
181239267328.000 -262681247744.000   113.075    70.104
330943987712.000 254696062976.000   126.619    68.596
-43757973504.000 274946949120.000   128.743    72.004
-620127715328.000 -889291866112.000    86.734    75.513
-47131848704.000 -721077075968.000    99.203    71.329
495071559680.000 -187172257792.000   115.544    67.252
-353563508736.000 -625188274176.000    99.012    74.292
-353563508736.000 -625188274176.000    99.012    74.292
-734728945664.000 541486186496.000   144.937    77.384
-256324616192.000 -3376121088.000   120.585    74.239
-520034615296.000 515596648448.000   140.675    75.670
454628081664.000 376188698624.000   129.103    67.295
401763237888.000 227534192640.000   125.718    67.978
-274828378112.000 6607885824.000   120.952    74.407
153613402112.000 846226587648.000   142.308    68.768
-680765685760.000 246288252928.000   132.246    77.832
-93912784896.000 -66452094976.000   118.431    72.741
952903991296.000 -77695631360.000   118.210    63.082
-445248241664.000 459165007872.000   137.809    75.200
426401792000.000 613942099968.000   134.765    67.075
-488608301056.000 -530665504768.000   100.747    75.747
-488608301056.000 -530665504768.000   100.747    75.747
408122327040.000 -65159061504.000   118.467    68.081
408122327040.000 -65159061504.000   118.467    68.081
54510379008.000 900621139968.000   144.607    69.405
-620076072960.000 -889261850624.000    86.736    75.512
-1511156608.000 157355409408.000   125.090    71.768
-671430672384.000 852289126400.000   154.146    75.446
932031561728.000 -341873229824.000   112.833    63.164
-527075016704.000 857557565440.000   151.575    74.311
47876341760.000 417017757696.000   132.268    70.909
-575571492864.000 87134609408.000   124.813    77.127
-245325250560.000 161937145856.000   126.147    74.011
390569099264.000 -4220133888.000   119.991    68.236
436362543104.000 -11869515776.000   119.775    67.814
-627710885888.000 -188445982720.000   113.154    77.629
-671622103040.000 852657504256.000   154.161    75.446
-408903909376.000 456576139264.000   137.316    74.889
552419590144.000 385563623424.000   128.919    66.393
23091916800.000 -232642166784.000   113.540    71.591
23091916800.000 -232642166784.000   113.540    71.591
-392654946304.000 -519928414208.000   102.096    74.926
-217678626816.000 -270700347392.000   111.630    73.781
-217678626816.000 -270700347392.000   111.630    73.781
860326199296.000 524379881472.000   130.627    63.398
939339874304.000 145197662208.000   122.743    63.137
939339874304.000 145197662208.000   122.743    63.137
-663775281152.000 696699256832.000   149.122    76.144
608724779008.000 -232529723392.000   114.633    66.184
608724779008.000 -232529723392.000   114.633    66.184
-380452012032.000 435714129920.000   136.317    74.697
299984683008.000 649857662976.000   136.455    68.102
195792715776.000 -189789110272.000   115.081    70.018
115432226816.000 -489950019584.000   106.652    70.413
539311505408.000 52040933376.000   121.226    66.844
579475537920.000 448193101824.000   130.213    66.046
-443368603648.000 -390917554176.000   106.212    75.666
190489919488.000 -337431625728.000   111.085    69.947
-271413329920.000 -219183726592.000   113.177    74.325
785284136960.000 908435718144.000   138.549    63.175
-686060666880.000 608177291264.000   146.503    76.711
7093358592.000 293708660736.000   129.031    71.509
-93950550016.000 -66439168000.000   118.431    72.741
-555522523136.000 -202872602624.000   112.825    76.955
322923069440.000 634199998464.000   135.923    67.940
443124383744.000 701512744960.000   136.621    66.706
937753837568.000 141200326656.000   122.664    63.154
937753837568.000 141200326656.000   122.664    63.154
-72398282752.000 66506575872.000   122.542    72.499
