 1039.780  1599.120   119.615    67.317
 1943.770  1303.560   127.631    74.765
 1697.010  1922.420   109.910    72.394
  773.710  1812.450   115.693    64.998
 1906.480  2329.100    97.396    73.014
  524.430  1411.810   123.442    63.104
  525.830  1421.320   123.269    63.117
 1048.060   750.770   137.513    66.681
 2249.810   524.340   154.305    75.196
 1795.620  2376.750    97.428    72.021
 2410.340  2055.110    99.181    77.710
 1809.860  1415.220   124.000    73.711
 2249.810   524.340   154.305    75.196
 1763.890   742.230   142.547    72.316
 2354.330   824.320   146.842    77.087
 1352.390   747.570   139.320    69.093
 1763.890   742.230   142.547    72.316
 1613.740   822.060   139.342    71.334
 1744.400  2487.050    95.385    71.261
 1929.320  1096.180   133.955    74.404
  707.070  1373.550   124.236    64.592
 1239.050  2008.510   110.128    68.541
 2032.710  1871.130   109.300    75.196
 1485.550  1916.590   111.138    70.686
 1890.360  1803.320   112.233    74.150
 1776.830   504.370   148.514    71.682
  624.360   852.940   133.785    63.469
 1613.740   822.060   139.342    71.334
 1777.100  1761.470   113.966    73.277
 2346.700   601.470   153.730    76.199
 1908.620  1757.070   113.537    74.359
 1198.850  1714.040   116.849    68.564
 1140.140   863.980   135.634    67.630
 1997.460  1270.940   128.832    75.180
 1777.100  1761.470   113.966    73.277
 1026.710  1828.820   114.760    67.050
 1024.250  1455.150   122.702    67.213
 1239.050  2008.510   110.128    68.541
 2492.120  1436.770   123.864    79.336
  975.230  2211.590   107.169    66.053
 1697.010  1922.420   109.910    72.394
 1560.120  1271.210   127.602    71.577
 2380.560  2120.120    97.365    77.274
  679.220  1973.930   112.871    64.058
 1036.420  1178.340   128.613    67.192
 1509.700  2197.480   104.251    70.324
 1774.900  1379.120   125.020    73.411
 1765.810  1379.170   125.007    73.336
 1981.980  2019.310   105.176    74.483
 2013.900  1893.910   108.721    75.002
 2251.990  2026.190   102.241    76.581
 2131.670   930.060   140.686    75.682
 1225.590  2492.710   100.038    67.324
  582.450  1340.190   124.782    63.563
 2035.090  2002.750   105.204    74.942
 1499.770  1017.460   133.837    70.793
 1174.060  1079.130   131.125    68.221
 2409.200   759.870   149.836    77.268
  904.540  2490.310   102.302    64.858
 1337.350   798.690   138.092    69.084
 1331.270   802.210   137.978    69.043
 1208.810  2245.750   105.184    67.834
  732.380   835.820   134.484    64.308
  903.440  2428.670   103.436    65.005
 1856.720  1643.660   117.145    74.043
 1851.250  1651.840   116.914    73.992
 1908.620  1757.070   113.537    74.359
 1890.360  1803.320   112.233    74.150
 1063.980  2419.310   102.615    66.277
  867.150  1897.890   113.788    65.673
  858.340  1894.950   113.871    65.605
 2066.370  1433.960   123.601    75.836
 1693.500  1404.890   124.202    72.746
 2257.540  1844.230   108.482    77.051
 2300.030  1917.140   105.477    77.234
 1469.160  2435.210    99.238    69.358
  808.610  1806.110   115.742    65.288
 1856.720  1643.660   117.145    74.043
 1851.250  1651.840   116.914    73.992
 1856.720  1643.660   117.145    74.043
 1851.250  1651.840   116.914    73.992
 2112.370   548.600   151.575    74.311
 2013.900  1893.910   108.721    75.002
 1972.080   652.970   146.997    73.646
 1414.740   841.300   137.585    69.790
 1804.840  2177.860   102.350    72.690
 1714.630   571.750   146.274    71.436
 1088.220  1021.490   132.087    67.450
 1330.530  1779.050   115.027    69.591
 1525.260  1971.470   109.588    70.919
 1353.240  1449.140   122.888    69.933
  939.880  1646.240   118.735    66.474
 2409.200   759.870   149.836    77.268
 1648.980   843.860   139.050    71.663
 2276.540   944.420   141.763    76.850
 1984.990  2189.720   100.253    74.051
 1869.990  2103.310   103.764    73.395
 1869.990  2103.310   103.764    73.395
 1693.500  1404.890   124.202    72.746
 1608.820  1438.480   123.231    72.050
 1795.620  2376.750    97.428    72.021
 2032.710  1871.130   109.300    75.196
 2013.900  1893.910   108.721    75.002
 1977.330  1623.230   117.462    75.051
 2002.600   705.740   145.921    74.047
 1127.300   611.340   140.760    67.002
 2058.520  1084.670   135.136    75.429
  599.050  2038.980   111.925    63.328
 1728.460  1332.900   126.272    73.006
  596.640  1860.020   115.180    63.514
 2417.630  1943.460   103.172    78.089
  514.690  2345.800   106.888    62.144
 1972.080   652.970   146.997    73.646
 1162.900  2350.680   103.321    67.222
 1567.030  1587.580   119.282    71.681
 1830.360   894.130   139.085    73.217
  918.110  2364.550   104.542    65.272
  788.550  2287.880   106.644    64.418
  745.620  2154.920   109.285    64.326
 2344.310  1903.820   105.496    77.614
 2324.610  1374.620   126.151    77.940
  760.930   788.600   135.471    64.460
 1469.160  2435.210    99.238    69.358
 1780.500  1850.820   111.421    73.186
  803.070  2157.080   109.008    64.781
 1793.630   931.850   137.779    73.007
  746.360   998.740   131.473    64.645
 1461.740  1097.100   131.713    70.595
 1915.330   978.920   137.337    74.078
 2423.490  2295.020    90.964    76.927
 1593.110  2285.390   101.540    70.748
  826.650   657.860   138.191    64.738
 1997.460  1270.940   128.832    75.180
 1156.780  1984.340   111.011    67.913
 2251.930  1480.900   121.973    77.368
 1561.600  1947.090   110.004    71.255
 2008.620  1146.170   132.866    75.124
  909.000  1417.840   123.455    66.259
 1573.310  2161.160   104.650    70.914
 2460.640  2455.550    85.500    76.465
 1741.790  1506.000   121.353    73.151
 2350.670  2136.270    97.270    76.996
 1587.720  2327.150   100.615    70.588
 1436.240  2298.340   102.500    69.492
 2271.110  1312.510   128.378    77.459
 2477.140  1133.470   136.867    78.871
 2460.640  2455.550    85.500    76.465
 2279.490  1868.410   107.423    77.178
 1587.720  2327.150   100.615    70.588
 1560.120  1271.210   127.602    71.577
 1079.840  1861.720   113.914    67.449
 2186.010  1505.280   121.105    76.823
 1481.320  2202.700   104.333    70.087
 2114.070  2469.910    91.081    74.014
 2107.790  2474.440    91.058    73.950
 1386.190  1470.590   122.370    70.207
 1273.260  1886.840   112.718    68.998
  996.020  1753.440   116.413    66.866
 1681.960  1522.760   120.916    72.653
  638.570  1420.630   123.313    64.039
  689.970  1739.540   117.247    64.371
  730.090   923.620   132.840    64.418
 1613.740   822.060   139.342    71.334
 1386.190  1470.590   122.370    70.207
  676.200  1622.710   119.482    64.320
 2489.210  1030.250   141.191    78.728
 1234.360  1329.130   125.628    68.919
 1780.500  1850.820   111.421    73.186
 1545.150  2350.130   100.459    70.194
 2002.600   705.740   145.921    74.047
 1045.200  1947.370   112.219    67.060
 2075.530   582.700   150.161    74.171
 1475.580   615.390   143.139    69.729
 2084.720   898.410   141.204    75.234
  689.970  1739.540   117.247    64.371
  817.560  1058.180   130.525    65.290
 1906.480  2329.100    97.396    73.014
  727.250  1071.240   130.047    64.569
 1608.830  1825.350   112.909    71.821
 1604.190  1829.720   112.814    71.777
  653.470  1769.160   116.750    64.052
 2308.340   814.640   146.508    76.709
 1754.360  1595.390   118.781    73.227
 2245.770  2159.840    97.993    76.130
 1744.000  1574.480   119.395    73.151
  951.730  2204.210   107.430    65.880
 1421.970  1000.600   133.883    70.134
 1681.960  1522.760   120.916    72.653
 1665.250  2299.420   100.577    71.267
 1121.060  1001.260   132.634    67.690
  543.320   597.420   137.940    62.385
  653.350  1712.150   117.820    64.089
 1767.350  1209.740   129.872    73.230
 1280.420  2216.940   105.353    68.466
 1282.980  1632.190   118.580    69.310
  856.000  1749.700   116.763    65.722
 1823.950  2183.940   102.016    72.822
  992.980  2342.080   104.539    65.911
 2065.640   981.550   138.455    75.282
 1887.940  1455.290   122.834    74.364
 2027.860  1755.950   113.004    75.335
 2343.990  2491.770    86.735    75.514
 2120.500  1736.010   113.187    76.116
 2124.020  1737.220   113.127    76.143
 1896.320  1853.360   110.713    74.123
 1662.990  1730.710   115.233    72.373
 2458.600  1009.170   141.623    78.435
 2265.080   787.190   146.793    76.294
 1869.990  2103.310   103.764    73.395
 1292.490  1463.560   122.536    69.431
 1282.160  1466.930   122.456    69.345
 2486.580  1683.580   113.012    79.155
 1574.820   765.850   140.427    70.894
 1656.090  1415.270   123.886    72.438
 1795.620  2376.750    97.428    72.021
 1906.480  2329.100    97.396    73.014
 1147.380  1277.580   126.670    68.175
 2114.070  2469.910    91.081    74.014
 2107.790  2474.440    91.058    73.950
 2013.900  1893.910   108.721    75.002
 2224.730   842.520   144.509    76.162
 2219.770   845.040   144.368    76.132
 1593.110  2285.390   101.540    70.748
  838.570  2369.600   104.889    64.637
 1458.750  1023.380   133.502    70.468
 1460.830  2318.470   101.863    69.630
 1695.220  1269.630   127.970    72.691
 1661.350  1572.360   119.566    72.468
  786.180   996.100   131.639    64.965
 1715.220   844.550   139.519    72.191
  879.250  1442.540   122.942    66.017
  731.850  1361.760   124.479    64.792
 1660.850  2335.960    99.750    71.125
  803.070  2157.080   109.008    64.781
 1141.850  1357.090   124.897    68.165
  812.440  1884.360   114.203    65.243
 1469.160  2435.210    99.238    69.358
 1815.480  1213.890   129.926    73.630
 1816.220  1223.470   129.650    73.646
 2002.600   705.740   145.921    74.047
 1577.550  1805.200   113.559    71.590
 1583.030  1804.470   113.557    71.636
 1662.990  1730.710   115.233    72.373
 1073.010  2452.970   101.908    66.259
 2236.940   831.840   145.003    76.223
 2257.930  1569.350   118.626    77.392
 1815.480  1213.890   129.926    73.630
 1816.220  1223.470   129.650    73.646
  964.160  2211.350   107.229    65.965
 1798.890   691.850   144.154    72.446
 2211.220   790.060   145.988    75.897
 2114.070  2469.910    91.081    74.014
 2107.790  2474.440    91.058    73.950
 2494.600  1539.430   119.298    79.345
 1903.970  1181.300   131.253    74.318
 2265.080   787.190   146.793    76.294
 2350.670  2136.270    97.270    76.996
 2249.810   524.340   154.305    75.196
 1998.360  1092.180   134.500    74.957
 2032.710  1871.130   109.300    75.196
 1859.170  1834.340   111.480    73.851
 1850.180  1830.190   111.649    73.784
 2075.530   582.700   150.161    74.171
 2374.870  1715.330   112.449    78.209
 2238.140  1824.110   109.357    76.933
 2140.010  2387.780    92.857    74.528
  939.220  1275.070   126.418    66.460
 1713.380  1117.650   132.225    72.678
  516.070   737.480   135.431    62.424
 1910.520  1626.240   117.538    74.499
 1859.170  1834.340   111.480    73.851
 1850.180  1830.190   111.649    73.784
 1651.580  1180.720   130.264    72.249
 2029.720  2161.960   100.553    74.478
 2170.670   910.480   141.713    75.936
 1391.870  2446.520    99.654    68.733
 1013.840  2378.980   103.706    65.987
 1279.970  1147.730   129.902    69.163
 1613.740   822.060   139.342    71.334
 1176.150  2043.720   109.648    67.974
  903.440  2428.670   103.436    65.005
 2299.650  2011.860   102.161    76.990
  947.790  1776.470   116.037    66.452
 1507.040  1399.510   124.196    71.199
 1000.700  1174.620   128.614    66.896
 1887.940  1455.290   122.834    74.364
 2490.850   662.240   154.468    77.467
 1341.220  1181.060   129.294    69.698
 1344.340  1183.740   129.239    69.727
 2350.670  2136.270    97.270    76.996
  994.670  1544.020   120.821    66.961
 2265.080   787.190   146.793    76.294
 2070.110   795.670   144.129    74.837
  965.480   533.740   141.268    65.550
  601.250  2350.400   106.419    62.815
  981.630  1713.380   117.278    66.778
 2310.950   930.070   142.662    77.078
 1656.090  1415.270   123.886    72.438
 2062.530  1298.990   128.131    75.738
 2095.100  1064.410   136.053    75.687
  918.110  2364.550   104.542    65.272
  702.700  2434.170   104.462    63.427
 1648.980   843.860   139.050    71.663
  593.700  2389.850   105.777    62.674
 2003.250  1937.360   107.462    74.832
 1903.970  1181.300   131.253    74.318
  595.600  2297.080   107.368    62.876
  658.610  1267.620   126.207    64.156
 1767.350  1209.740   129.872    73.230
 2170.670   910.480   141.713    75.936
 1608.820  1438.480   123.231    72.050
 1198.350   763.860   138.047    67.905
 1269.990  1560.700   120.265    69.231
  923.840  1808.100   115.444    66.228
 1263.000  2274.650   104.234    68.194
 1565.840  2131.110   105.430    70.924
 1994.580   561.690   149.661    73.499
 1994.580   561.690   149.661    73.499
 1481.320  2202.700   104.333    70.087
  623.680   515.020   139.724    62.843
 1972.080   652.970   146.997    73.646
  820.820   828.820   134.956    65.006
 1515.230  1638.450   118.042    71.226
 2129.960  1664.800   115.586    76.272
 1404.440  1128.300   130.748    70.163
 1150.290  2393.740   102.543    67.014
 1728.350  1223.020   129.364    72.923
 1903.970  1181.300   131.253    74.318
  658.610  1267.620   126.207    64.156
 1253.510  1057.720   131.872    68.843
 1308.470   958.480   134.344    69.148
  775.510  2261.680   107.187    64.368
 2131.670   930.060   140.686    75.682
 2411.620  2124.940    96.723    77.489
 1850.120  1340.300   126.285    74.016
 2273.810   543.810   154.160    75.446
 1396.300  1695.000   116.872    70.206
 2050.830   998.220   137.810    75.200
 2003.250  1937.360   107.462    74.832
  809.930  2019.300   111.600    65.054
 1994.580   561.690   149.661    73.499
  923.840  1808.100   115.444    66.228
  920.840  1284.730   126.195    66.314
  927.290  1281.520   126.269    66.365
 1903.970  1181.300   131.253    74.318
 2063.430  2096.550   102.104    74.925
 1954.030  2300.320    97.601    73.468
  803.070  2157.080   109.008    64.781
 2039.370  1440.090   123.378    75.614
  845.590  1604.640   119.682    65.716
  741.930  1520.220   121.409    64.886
 1389.140  2477.480    99.031    68.619
 1715.220   844.550   139.519    72.191
 2273.810   543.810   154.160    75.446
  551.760  2008.760   112.608    62.987
 2437.990  2441.360    86.349    76.381
 1613.050  2103.590   105.773    71.362
 1469.160  2435.210    99.238    69.358
 2112.370   548.600   151.575    74.311
  984.080  1333.790   125.249    66.856
 1025.840  1803.090   115.303    67.068
 2002.600   705.740   145.921    74.047
 1576.820  1367.710   125.094    71.768
 2392.490   878.070   145.551    77.548
 1212.460   627.980   140.967    67.710
 1406.970  1947.300   110.760    70.000
 1412.100  1953.330   110.593    70.032
  597.140  1158.060   128.155    63.586
  841.630  2060.650   110.690    65.249
  937.460   951.340   133.007    66.132
  647.290  1119.330   128.966    63.963
 1741.790  1506.000   121.353    73.151
 1850.120  1340.300   126.285    74.016
 1176.150  2043.720   109.648    67.974
  526.620  1989.500   113.021    62.808
 1076.010  2089.710   109.138    67.088
 2112.370   548.600   151.575    74.311
 1176.150  2043.720   109.648    67.974
 1814.480  2194.300   101.832    72.720
 2012.570  1049.540   135.921    74.996
 1576.820  1367.710   125.094    71.768
 1465.240  1684.700   116.971    70.783
 2078.600  1856.620   109.442    75.591
 1910.520  1626.240   117.538    74.499
 2310.550   984.850   140.744    77.220
 1984.990  2189.720   100.253    74.051
 1494.620  1537.070   120.667    71.098
 2120.500  1736.010   113.187    76.116
 2124.020  1737.220   113.127    76.143
 1421.230   560.760   143.899    69.157
 2372.410  2183.280    95.390    76.993
 2102.980  1858.640   109.201    75.784
 2236.450  1111.830   135.536    76.909
  950.840  1884.800   113.812    66.370
 1402.960  1850.990   113.076    70.104
 1197.940  1283.480   126.618    68.595
 1615.660  1233.230   128.744    72.005
 2343.990  2491.770    86.735    75.514
 1691.810  2346.800    99.201    71.329
 1046.720  1789.250   115.545    67.252
 2027.680  2217.640    98.998    74.293
 2026.960  2225.780    98.779    74.261
 2367.860   885.710   144.938    77.385
 1873.780  1529.040   120.582    74.240
 2131.670   930.060   140.686    75.682
 1051.300  1157.200   129.095    67.296
 1120.790  1318.800   125.722    67.976
 1893.440  1516.250   120.958    74.405
 1353.480   610.680   142.307    68.768
 2329.410  1218.930   132.246    77.830
 1696.610  1611.380   118.431    72.741
  528.770  1700.000   118.209    63.080
 2050.830   998.220   137.810    75.200
 1065.760   889.500   134.767    67.074
 2167.250  2106.550   100.648    75.698
 2171.660  2101.720   100.746    75.746
 1131.270  1654.110   118.307    68.046
 1134.890  1646.670   118.466    68.080
 1460.210   542.880   144.606    69.406
 2343.990  2491.770    86.735    75.514
 1576.820  1367.710   125.094    71.768
 2273.810   543.810   154.160    75.446
  571.400  1993.070   112.833    63.165
 2112.370   548.600   151.575    74.311
 1502.710  1081.320   132.267    70.909
 2223.850  1404.470   124.813    77.126
 1850.120  1340.300   126.285    74.016
 1150.430  1577.030   119.995    68.238
 1099.780  1589.150   119.773    67.816
 2302.280  1708.700   113.160    77.629
 2273.810   543.810   154.160    75.446
 2010.170  1003.920   137.310    74.887
  941.420  1153.640   128.918    66.393
 1577.550  1805.200   113.559    71.590
 1583.030  1804.470   113.557    71.636
 2063.430  2096.550   102.104    74.925
 1859.170  1834.340   111.480    73.851
 1850.180  1830.190   111.649    73.784
  589.100  1021.880   130.626    63.398
  528.000  1450.220   122.744    63.137
  530.020  1454.530   122.666    63.154
 2276.990   717.910   149.120    76.145
  929.490  1847.920   114.621    66.235
  923.470  1848.010   114.635    66.186
 1980.360  1028.340   136.342    74.697
 1204.350   840.250   136.453    68.103
 1381.320  1770.490   115.083    70.017
 1493.150  2100.240   106.654    70.413
  979.910  1524.850   121.232    66.843
  906.710  1085.590   130.216    66.045
 2111.240  1949.300   106.194    75.667
 1398.080  1935.270   111.086    69.947
 1906.210  1769.320   113.177    74.325
  646.220   589.230   138.552    63.177
 2308.340   814.640   146.508    76.709
 1557.280  1216.030   129.030    71.509
 1696.610  1611.380   118.431    72.741
 2223.140  1731.130   112.792    76.957
 1179.910   859.490   135.919    67.942
 1040.900   793.240   136.621    66.706
  528.000  1450.220   122.744    63.137
  530.020  1454.530   122.666    63.154
 1662.860  1464.170   122.544    72.500
